23,40
23,39
23,38
23,37
23,36
23,35
23,34
23,33
23,32
23,31
23,30
23,29
23,28
23,27
23,26
23,25
23,24
23,23
23,22
23,21
23,20
23,19
23,18
23,17
23,16
23,15
23,14
23,13
23,12
23,11
23,10
23,9
23,8
23,7
23,6
23,5
23,4
23,3
23,2
23,1
23,0
22,3
22,2
22,1
22,0
21,11
21,10
21,9
21,8
21,7
21,6
21,5
21,4
21,3
21,2
21,1
21,0
0,471
0,470
0,469
0,468
0,467
0,466
0,465
0,464
0,463
0,462
0,461
0,460
0,459
0,458
0,457
0,456
0,455
0,454
0,453
0,452
0,451
0,450
0,449
0,448
0,447
0,446
0,445
0,444
0,443
2,1
0,442
0,441
2,3
0,440
2,0
0,439
1,1
0,438
1,3
0,437
1,0
0,436
4,1
0,435
4,3
0,434
4,0
0,414
0,413
0,412
0,408
0,335
0,334
0,333
0,332
0,331
0,330
0,329
0,328
0,327
0,326
0,322
0,243
0,9
0,310
0,305
0,308
0,304
0,303
0,302
0,307
0,12
0,10
0,8
0,0
0,407
0,300
0,406
0,299
0,405
0,298
0,431
0,297
0,432
0,296
0,404
0,295
0,403
0,294
0,402
0,293
0,401
0,292
0,430
0,291
0,400
0,290
0,399
0,289
0,398
0,288
0,397
0,287
0,429
0,286
0,428
0,285
0,396
0,284
0,395
0,283
0,427
0,282
0,394
0,281
0,393
23,41
23,42
23,44
23,45
23,47
23,48
23,50
23,52
23,53
23,55
23,56
23,58
23,60
23,61
23,63
23,64
23,66
23,67
23,69
23,71
23,72
23,74
23,75
23,77
23,79
23,80
23,82
23,83
23,85
23,86
23,88
23,90
23,91
23,93
23,94
23,96
23,98
23,99
23,101
23,102
23,104
23,105
23,107
23,109
23,110
23,112
23,113
23,115
23,117
23,118
23,120
23,121
23,123
23,125
23,126
23,128
23,129
23,131
23,132
23,134
23,136
23,137
23,139
23,140
23,142
23,144
23,145
23,147
23,148
23,150
23,151
23,153
23,155
23,156
23,158
23,159
23,161
23,163
23,164
23,166
23,167
23,169
23,170
23,172
23,174
23,175
23,177
23,178
23,180
23,182
23,183
23,185
23,186
23,188
23,190
23,191
23,193
23,194
23,196
23,197
23,199
23,201
23,202
23,204
23,205
23,207
23,209
23,210
23,212
23,213
23,215
23,216
23,218
23,220
23,221
23,223
23,224
23,226
23,228
23,229
23,231
23,232
23,234
23,235
23,237
23,239
23,240
23,242
23,243
23,245
23,247
23,248
23,250
23,251
23,253
23,254
23,256
23,258
23,259
23,261
23,262
23,264
23,266
23,267
23,269
23,270
23,272
23,274
23,275
23,277
23,278
23,280
23,281
23,283
23,285
23,286
23,288
23,289
23,291
23,293
23,294
23,296
23,297
23,299
23,300
23,302
23,304
23,305
23,307
23,308
23,310
23,312
23,313
23,315
23,316
23,318
23,319
23,321
23,323
23,324
23,326
23,384
23,386
23,388
23,389
23,391
23,392
23,394
23,396
23,397
23,399
23,400
23,402
23,403
23,405
23,407
23,408
23,410
23,411
23,413
23,415
23,416
23,418
23,419
23,421
23,422
23,424
23,426
23,427
23,429
23,430
23,432
23,434
23,435
23,437
23,438
23,440
23,441
23,443
23,445
23,446
23,448
23,449
23,451
23,453
23,454
23,456
23,457
23,459
23,460
23,462
23,464
23,465
23,467
23,468
23,470
23,472
23,473
23,475
23,476
23,478
23,480
23,481
23,483
23,484
23,486
23,487
23,489
23,491
23,492
23,494
23,495
23,497
23,499
23,500
23,502
23,503
23,505
23,506
23,508
23,510
23,511
23,513
23,514
23,516
23,518
23,519
23,521
23,522
23,524
23,525
23,527
23,529
23,530
23,532
23,533
23,535
23,537
23,538
23,540
23,541
23,543
23,545
23,546
23,548
23,549
23,551
23,552
23,554
23,556
23,557
23,559
23,560
23,562
23,564
23,565
23,567
23,568
23,570
23,571
23,573
23,575
23,576
23,578
23,579
23,581
23,583
23,584
23,586
23,587
23,589
23,590
23,592
23,594
23,595
23,597
23,598
23,600
23,602
23,603
23,605
23,606
23,608
23,610
23,611
23,613
23,614
23,616
23,617
23,619
23,621
23,622
23,624
23,625
23,627
23,629
23,630
23,632
23,633
23,640
23,641
23,643
23,645
23,646
23,648
23,649
23,651
23,653
23,654
23,656
23,657
23,659
23,660
23,662
23,664
23,665
23,667
23,668
23,670
23,672
23,673
23,675
23,676
23,678
23,679
23,681
23,683
23,684
23,686
23,687
23,689
23,691
23,692
23,694
23,695
23,697
23,699
23,700
23,702
23,703
23,705
23,706
23,708
23,710
23,711
23,713
23,714
23,716
23,718
23,719
23,721
23,722
23,724
23,725
23,727
23,729
23,730
23,732
23,733
23,735
23,737
23,738
23,740
23,741
23,743
23,744
23,746
23,748
23,749
23,751
23,752
23,754
23,756
23,757
23,759
23,760
23,762
23,764
23,765
23,767
23,768
23,770
23,771
23,773
23,775
23,776
23,778
23,779
23,781
23,783
23,784
23,786
23,787
23,789
23,790
23,792
23,794
23,795
23,797
23,798
23,800
23,802
23,803
23,805
23,806
23,808
23,809
23,811
23,813
23,814
23,816
23,817
23,819
23,821
23,822
23,824
23,825
23,827
23,828
23,830
23,832
23,833
23,835
23,836
23,838
23,840
23,841
23,843
23,844
23,846
23,848
23,849
23,851
23,852
23,854
23,855
23,857
23,859
23,860
23,862
23,863
23,896
23,898
23,899
23,901
23,902
23,904
23,905
23,907
23,909
23,910
23,912
23,913
23,915
23,917
23,918
23,920
23,921
23,923
23,924
23,926
23,928
23,929
23,931
23,932
23,934
23,936
23,937
23,939
23,940
23,942
23,944
23,945
23,947
23,948
23,950
23,951
23,953
23,955
23,956
23,958
23,959
23,961
23,963
23,964
23,966
23,967
23,969
23,970
23,972
23,974
23,975
23,977
23,978
23,980
23,982
23,983
23,985
23,986
23,988
23,989
23,991
23,1025
23,1026
23,1028
23,1029
23,1031
23,1033
23,1034
23,1036
23,1037
23,1039
23,1040
23,1042
23,1044
23,1045
23,1047
23,1048
23,1050
23,1052
23,1053
23,1055
23,1056
23,1058
23,1060
23,1061
23,1063
23,1064
23,1066
23,1067
23,1069
23,1071
23,1072
23,1074
23,1075
23,1077
23,1079
23,1080
23,1082
23,1083
23,1085
23,1086
23,1088
23,1090
23,1091
23,1093
23,1094
23,1096
23,1098
23,1099
23,1101
23,1102
23,1104
23,1105
23,1107
23,1109
23,1110
23,1112
23,1113
23,1115
23,1117
23,1118
23,1120
23,1121
23,1123
23,1125
23,1126
23,1128
23,1129
23,1131
23,1132
23,1134
23,1136
23,1137
23,1139
23,1140
23,1142
23,1144
23,1145
23,1152
24,0
24,2
24,3
24,5
24,7
24,8
24,10
24,11
24,13
24,15
25,0
25,2
25,3
26,1
26,2
26,4
27,1
27,2
28,0
28,1
28,3
28,5
28,6
29,1
29,2
29,4
29,6
29,7
30,1
30,2
30,4
30,5
30,6
30,3
30,0
29,5
29,3
29,0
28,4
28,2
27,3
27,0
26,3
26,0
25,1
24,14
24,12
24,9
24,6
24,4
24,1
23,1146
23,1143
23,1141
23,1138
23,1135
23,1133
23,1130
23,1127
23,1124
23,1122
23,1119
23,1116
23,1114
23,1111
23,1108
23,1106
23,1103
23,1100
23,1097
23,1095
23,1092
23,1089
23,1087
23,1084
23,1081
23,1078
23,1076
23,1073
23,1070
23,1068
23,1065
23,1062
23,1059
23,1057
23,1054
23,1051
23,1049
23,1046
23,1043
23,1041
23,1038
23,1035
23,1032
23,1030
23,1027
23,1024
23,990
23,987
23,984
23,981
23,979
23,976
23,973
23,971
23,968
23,965
23,962
23,960
23,957
23,954
23,952
23,949
23,946
23,943
23,941
23,938
23,935
23,933
23,930
23,927
23,925
23,922
23,919
23,916
23,914
23,911
23,908
23,906
23,903
23,900
23,897
23,864
23,861
23,858
23,856
23,853
23,850
23,847
23,845
23,842
23,839
23,837
23,834
23,831
23,829
23,826
23,823
23,820
23,818
23,815
23,812
23,810
23,807
23,804
23,801
23,799
23,796
23,793
23,791
23,788
23,785
23,782
23,780
23,777
23,774
23,772
23,769
23,766
23,763
23,761
23,758
23,755
23,753
23,750
23,747
23,745
23,742
23,739
23,736
23,734
23,731
23,728
23,726
23,723
23,720
23,717
23,715
23,712
23,709
23,707
23,704
23,701
23,698
23,696
23,693
23,690
23,688
23,685
23,682
23,680
23,677
23,674
23,671
23,669
23,666
23,663
23,661
23,658
23,655
23,652
23,650
23,647
23,644
23,642
23,634
23,631
23,628
23,626
23,623
23,620
23,618
23,615
23,612
23,609
23,607
23,604
23,601
23,599
23,596
23,593
23,591
23,588
23,585
23,582
23,580
23,577
23,574
23,572
23,569
23,566
23,563
23,561
23,558
23,555
23,553
23,550
23,547
23,544
23,542
23,539
23,536
23,534
23,531
23,528
23,526
23,523
23,520
23,517
23,515
23,512
23,509
23,507
23,504
23,501
23,498
23,496
23,493
23,490
23,488
23,485
23,482
23,479
23,477
23,474
23,471
23,469
23,466
23,463
23,461
23,458
23,455
23,452
23,450
23,447
23,444
23,442
23,439
23,436
23,433
23,431
23,428
23,425
23,423
23,420
23,417
23,414
23,412
23,409
23,406
23,404
23,401
23,398
23,395
23,393
23,390
23,387
23,385
23,325
23,322
23,320
23,317
23,314
23,311
23,309
23,306
23,303
23,301
23,298
23,295
23,292
23,290
23,287
23,284
23,282
23,279
23,276
23,273
23,271
23,268
23,265
23,263
23,260
23,257
23,255
23,252
23,249
23,246
23,244
23,241
23,238
23,236
23,233
23,230
23,227
23,225
23,222
23,219
23,217
23,214
23,211
23,208
23,206
23,203
23,200
23,198
23,195
23,192
23,189
23,187
23,184
23,181
23,179
23,176
23,173
23,171
23,168
23,165
23,162
23,160
23,157
23,154
23,152
23,149
23,146
23,143
23,141
23,138
23,135
23,133
23,130
23,127
23,124
23,122
23,119
23,116
23,114
23,111
23,108
23,106
23,103
23,100
23,97
23,95
23,92
23,89
23,87
23,84
23,81
23,78
23,76
23,73
23,70
23,68
23,65
23,62
23,59
23,57
23,54
23,51
23,49
23,46
23,43
0,280
0,392
0,279
0,391
0,278
0,390
0,277
0,426
0,276
0,389
0,275
0,274
0,388
0,273
0,387
0,272
0,425
0,271
0,386
0,270
0,385
0,269
0,384
0,268
0,383
0,267
0,382
0,266
0,424
0,265
0,381
0,264
0,379
0,263
0,378
0,262
0,380
0,261
0,377
0,260
0,376
0,259
0,375
0,258
0,374
0,257
0,373
0,256
0,372
0,255
0,423
0,254
0,371
0,253
0,370
0,252
0,369
0,251
0,368
0,250
0,422
0,249
0,367
0,248
0,366
0,247
0,365
0,246
0,364
0,245
0,421
0,244
0,420
0,242
0,363
0,241
0,362
0,240
0,361
0,239
0,360
0,238
0,419
0,237
0,418
0,236
0,359
0,235
0,358
0,234
0,357
0,233
0,356
0,232
0,355
0,231
0,354
0,230
0,353
0,229
0,352
0,228
0,474
0,227
0,351
0,226
0,350
0,225
0,349
0,224
0,348
0,223
0,473
0,222
0,417
0,221
0,347
0,220
0,346
0,219
0,345
0,218
0,344
0,217
0,416
0,216
0,343
0,215
0,342
0,214
0,341
0,213
0,340
0,212
0,472
0,211
0,415
0,210
0,339
0,209
0,338
0,208
0,337
0,207
0,336
0,206
0,205
0,204
0,203
0,202
0,201
0,200
0,199
0,198
0,197
0,196
0,195
0,194
0,193
0,411
0,192
0,410
0,63
0,325
0,62
0,324
0,61
0,323
0,60
0,321
0,59
0,409
0,58
0,433
0,57
0,320
0,56
0,319
0,55
0,318
0,54
0,317
0,53
0,316
0,52
0,315
0,51
0,314
0,50
0,313
0,49
0,312
0,48
0,311
0,47
0,309
0,46
0,306
0,45
0,301
0,6
0,5
0,1
0,11
0,4
0,2
0,3
0,7
